2786.2667467390934
2109.599722900138
1680.064581218232
1393.4283256683168
1694.7422278962176
827.9176183849908
1640.9156176154722
1735.7405338382862
1309.7701372255246
1688.559884362054
1856.932825683862
1480.7586021513566
1472.5920747171913
1929.9891078840037
1207.0878573176924
1495.7899087126157
1262.7476460834607
1093.792123486336
1849.9492315114792
1791.0962248326857
669.3400314105004
1559.954066334694
1073.7069506167384
1499.738388537342
1164.5570947549115
1921.014891919857
2185.315514099168
2025.4052754458983
1346.3290602552997
1918.971787682244
2134.005204763385
1958.0954537029058
1572.2278647751446
650.860062042687
663.5064313195926
655.6865707235168
656.7781713449726
753.2602691085348
813.0059466869325
1640.5364732501416
2381.1669309098083
