0.26028719464521144
0.14158173632927562
0.004131456826616101
0.0626784523107557
0.22285040657535227
0.1800052448221271
0.1424841538468736
0.059667106925828044
0.05994763283617009
0.2441715721896036
0.1857940312309806
0.1541854527401823
0.18025089513555417
0.18798175389538493
0.0645322877157208
0.05800163455811243
0.06411281245898888
0.20688944735995712
0.06351189752807572
0.060365313321596975
0.04638210552185278
0.16744861426565427
0.05716908763975021
0.04280741141437069
0.22132870914235359
0.04146255609459576
0.019648156237805255
0.1424841538468736
0.05723576140510875
0.05770400577799797
0.06411281245898888
0.060365313321596975
0.04761053523765769
0.06302170010511597
0.06411097194481133
0.06391372193442683
0.04482679539018276
0.06408916820153653
0.04146255609459576
0.06308516656839679
0.1258762492828272
0.0648948463081038
0.06308516656839679
0.14628638516852477
0.06158134392537546
0.06433419682384216
0.06427807203584286
0.04761053523765769
0.2256962147362212
0.0643341968238422
0.04624961974584586
0.18025089513555423
0.20695150756342368
0.06433419682384224
0.2191716234502415
0.1501892960957925
0.06411306063967681
0.13309868517492582
0.17646584873464344
0.05120151234629709
0.12741944172337558
0.20695150756342343
0.06097559054824114
0.06589123482256305
0.06155800797320816
0.05741678988662938
0.19244681209825723
0.0389622630571197
0.06308516656839679
0.05741678988662974
0.06338220095870827
0.14012565380486783
0.06312365042404904
0.06411306063967669
0.043299370660778366
0.2159453132006639
0.2602871946452118
0.002219916161400534
0.06411281245898888
0.05297163050394264
0.1416872788808721
0.06411281245898888
0.05297163050394256
0.06411281245898888
0.06070503090607463
0.06439957689632843
0.05800163455811243
0.13309868517492573
0.20690963471736118
0.20690963471736096
0.02260468953276934
0.06411281245898888
0.06535877894978896
0.06410125098974331
0.05297163050394264
0.06173558477370499
0.05799711192224818
0.06411281245898884
0.22273896196654394
0.05530533276182322
0.06411281245898884
0.19252742660373118
0.0529716305039426
0.04485727965314223
0.22274126824892496
0.06411281245898884
0.24990750443284063
0.12898831334683603
0.06439406497598349
0.05489112948379807
0.06411281245898888
0.06411281245898867
0.046536000113634374
0.14276585280968396
0.24409404904803875
0.16517346673215916
0.2147015917632612
0.19986366271292236
0.06312365042404904
0.05962947301711146
0.22577380398494482
0.06411281245898888
0.14106724161814935
0.13990889681175483
0.22288757837418904
0.06411281245898884
0.10541312234619261
0.06411281245898888
0.2179341130563759
0.0643310414708032
0.220722302381576
0.14767010890469015
0.08553010043166101
0.13309868517492582
0.19277570413822176
0.21386011991876094
0.05635926790920163
0.1416872788808721
0.15104464540846677
0.06411281245898884
0.2147015917632612
0.1896162334419462
0.2120284365695313
0.1924772252990523
0.06411281245898891
0.05927484360403773
0.06364797820547627
0.06411281245898888
0.05926290232805485
0.06411097194481129
0.053554961072845575
0.13977245023896412
0.06411281245898888
0.05917070424845107
0.26028719464521144
0.19247595263884928
0.06411281245898884
0.002341324459235137
0.06411281245898888
0.061078127963037306
0.2058456098043027
0.06411281245898888
0.1901394290881138
0.24693323634409833
0.24693323634409833
0.21820846298661684
0.2139940166320205
0.06408916820153657
0.05434980478565906
0.05434980478565906
0.06411306063967677
0.022604689532769378
0.2147015917632612
0.145095207435818
0.04652526590815402
0.15216295338369873
0.14628638516852477
0.06119705529192476
0.04146255609459576
0.06312365042404904
0.03524135765771634
0.06411306063967656
0.06411281245898867
0.22348645236067313
0.0
0.13393248993396917
0.06411281245898888
0.1881397503137583
0.006360888176893232
0.17646584873464335
0.17182449247207185
0.06411281245898884
0.12439263535668117
0.06411281245898888
0.06201284460297386
0.06408916820153657
0.14584344825096962
0.19866982996473476
0.13984937917320064
0.22132870914235359
0.19453603017467502
0.1650391758463673
0.0414625560945956
0.22348645236067338
0.06439957689632847
0.0528150011212655
0.19258744999195804
0.06427807203584286
0.10857573744836121
0.06411281245898891
0.22285040657535252
0.19857166195689993
0.2179341130563759
0.22418352463312063
0.20193477076411534
0.04761053523765769
0.06411306063967673
0.13662851145339505
0.17688212157281277
0.022803175454686703
0.035195416854096884
0.18439405867124434
0.29695153386387557
0.3010080270767138
0.300825335129952
0.5016861346365968
0.46271823575459975
0.6826199664534639
0.6941550684736744
0.5092435326745145
0.4846452117094734
0.38233828096335837
0.37711559192333927
0.296996048296309
0.24854393950556034
0.1670357570835616
0.23218381800500631
0.32493128722387055
0.4985746383701508
0.6247814910889968
0.47929440125075656
0.6084806323921943
0.666815115698944
0.6395637354064494
0.7761896814715683
0.944293904874535
1.0
0.7416080278421426
0.761360823685447
0.6357566965266527
0.4762500534555236
0.5342307879553849
0.5117435940189908
0.4597709526802915
0.4106981378407264
0.48625802952701297
0.47647446470995863
0.42076747993574565
0.43943165682184193
0.402810102423278
0.39220830872789264
0.4479783523584625
0.3998662443468507
0.38806783853616855
0.44107060070513493
0.5427252949774868
0.5536063142246977
0.6246338020250868
0.8437257295608511
0.9113702146471544
0.9017102735957497
0.8793941500095137
0.7147685363558411
0.756809340516301
0.6529763556564906
0.463905731507501
0.46862571860783037
0.3173912843610632
0.29919308306928805
0.281648491202083
0.1757494546564055
0.13632340917667174
0.1760174367460021
0.18302794085287147
0.2165964677143805
0.14796011663203948
0.1779064659864023
0.2729770744868395
0.20935017366429393
0.1988411803679036
0.27275656920621444
0.17025575749141622
0.17082130179385868
0.1634815344049004
0.186102260820681
0.13653728152578234
0.2204487793394699
0.2805180218559892
0.38318155444109714
0.3597885286178814
0.39799000100415227
0.5094952172456382
0.5229222981201674
0.4770894653127463
0.5059384531096058
0.41866325139365174
0.405643659371501
0.3430704021850841
0.35556307755686534
0.23879944541399736
0.27469836483776516
0.20634201434774233
0.24670804068021712
0.2168135132880935
0.3019263539646476
0.17224586745844875
0.2720782845454632
0.21136081832317735
0.2686257409961293
0.25001286189284433
0.3062684968537897
0.3523311386029247
0.3540585403104654
0.23749432992787223
0.21687318860822408
0.24910255791551494
0.3080668777996912
0.27823397021785523
0.28380999094427845
0.2105337490042359
0.232682507890676
0.2690127438270875
0.2784705324083483
0.22952919844780287
0.19567760915747617
0.26762512991723814
0.16253267489094483
0.11140216270320355
0.17359349015844744
0.25770116331690573
0.2705946257078175
0.3233083464655985
0.3315649523828452
0.39106123658956915
0.42462376611205044
0.5761122927024532
0.7470117205872558
0.5971668361148943
0.4934181759451232
0.4724751448404125
0.4136498065732305
0.3621897488206881
0.22587796347425396
0.2654233455353941
0.1920179887464942
0.2046062097272229
0.2639053459468322
0.1854023275716268
0.20569006227879588
0.15410300386051962
0.1563273640863465
0.26336459344625324
0.3489105651862218
0.40044039245200974
0.5692916025071113
0.5194718041665932
0.6475771706881825
0.6111707354064948
0.7171218386729648
0.6615606386527719
0.7302203551855487
0.8010219515925888
0.5784585675105985
0.6077548638777183
0.42310221996749736
0.37245891211903487
0.2878853606949776
0.27334409472085486
0.31315987521333216
0.3510939940741449
0.4228281762308008
0.5216891993460772
0.5109321429369226
0.47669564127586506
0.5438489651446586
0.49744025587072155
0.5299558697605774
0.5258383657357244
0.5981578229002781
0.4841851686667248
0.5896871628980499
