0.8623481259641799
0.7928579905019835
0.7519560693193267
0.7384518776649421
0.6710359465980863
0.6254496322193677
0.6220406463923684
0.6182006881125619
0.5828663456787291
0.5590888329778618
0.5343243919878771
0.5246158517799593
0.4819724732138373
0.47316112279095884
0.452428570134288
0.44951163775328107
0.42182550088196713
0.39857786281365803
0.4054027022927744
0.4096095434060489
0.4186402852138701
0.42478998913234944
0.381444538601557
0.34079282391736576
0.29164191232414693
0.2455244943869047
0.24894318909419466
0.24708103550127197
0.24423048994963148
0.2209695181962242
0.20964563708843212
0.2068997522169656
0.15544769243951312
0.13083290787693166
0.09338433438556741
0.11676079966046424
0.1064540030556847
0.11942655496222856
0.13796750231098667
0.12691060229175632
0.11766468654188958
0.09802363936985645
0.10695788468754297
0.16485300815007803
0.14777351284418785
0.16255851752225925
0.15859312349266108
0.16646170142877836
0.17559202281320424
0.14478843375591235
0.08962840312839818
0.06864164873077677
0.04276074077278836
0.0
0.013583014216020761
0.014165172680566258
0.04384957753746639
0.05161750468934902
0.09866219152171574
0.07909583341161368
0.09282547732905333
0.1376757167827877
0.11631788532789498
0.1323587866346912
0.17598032381417042
0.20367282568782108
0.1943674994590796
0.15064899585721467
0.13401208148090418
0.12479040277419355
0.13955042108149235
0.18735009012526702
0.19268919723904301
0.23136734303856343
0.27691905336961165
0.3102754306478456
0.3315978466576132
0.371971240923436
0.4086239860396348
0.43899409184510807
0.47481236128662085
0.5103446559043455
0.5812761733291427
0.5922073969743941
0.6844100387887195
0.680693515808115
0.7338804726966257
0.7104464862334544
0.7776855245093708
0.8494012806313449
0.9282515266081848
1.0
