43467.70269003917
39116.123093543414
32927.687703779135
32708.878366236437
52590.55482999882
60162.13406603097
67311.10157559426
101349.46798161334
61048.18053118168
47985.0828622987
72659.17234366483
80071.06976487538
82866.77720309353
64320.673854625085
30999.376494855635
40693.31317969954
34041.0030239616
25972.537646557674
43939.69995010898
33488.305980112804
63528.789153009886
51197.08293806083
51912.51573698808
54506.48245505195
66446.0740034795
72350.33402492154
68465.27669665958
75679.7594023307
59452.44142900185
54589.78676685491
55955.367553818105
55689.11418847448
75128.95150430466
85860.24004436909
71740.33143636437
73965.28252071126
81818.54716963186
90491.71370177674
76689.7673549746
54626.905477569126
50826.42330119249
40722.28584005707
33816.673866907026
37333.99969047531
39110.1395907939
34105.81653484445
42803.52902476134
58961.91580400491
50287.77875561071
45549.336326199606
35303.016811946145
41858.21475856348
27270.849688982034
37580.60409960395
44408.845698992474
42158.0770379656
53231.699550309015
38557.33407501452
29740.52696933435
30165.46814715753
28735.671181809605
31692.479547960473
42727.56464741561
35842.18378529948
36693.024408232006
104513.61300005247
82888.1100117951
70091.89429548886
75080.5087688007
75243.21179506867
80275.40916920369
81275.14437176842
72307.50428728659
59580.08221281872
54385.67432862779
52583.162647129204
66261.85365801609
74611.31845745003
89888.22860947372
93805.8307897197
90610.85850935563
87665.13510917632
89880.84108618918
75799.88754595895
46667.49848905982
64243.39813454137
80540.6794370093
69219.33601604996
81433.3241643582
57145.581545907604
60182.752773147724
62914.20000854311
77998.05603599381
85876.87239680119
63318.28917548972
60989.05863170184
67939.45368953898
59408.474355705264
53324.90145226861
57459.772767878494
62516.31543374762
60670.2077572037
46046.507194856946
48909.95339964049
54357.27992651525
51714.791902453806
45892.22841255045
42308.92542851258
41789.34522280605
49611.21622877115
63563.212194151936
76565.41785319507
92535.65766809782
95465.42726941382
84913.29561724166
85657.25653350445
91067.02191515217
91650.73476031427
85635.13688441874
79822.4873990523
72180.70439217138
78168.79868100537
83804.77147796084
84105.82952537476
70999.57336397671
49917.6841412435
41915.64868109744
37810.82032291531
37470.14969047321
55939.424980594966
51787.57628542919
46886.65923227116
47998.190026938726
52996.22455984895
55614.665652741474
44286.031102036126
48464.7254938097
50106.89744593869
54864.25401781363
71577.30413009116
86221.74457905967
98655.7005235963
52316.60044909001
51324.033917684974
69168.62162379327
72863.56993200403
51221.717229300535
33876.15356460639
44232.232941158196
38137.63830825759
40546.45883551745
48928.33867348046
34519.82882299909
48059.61966766664
58418.60815696257
57904.063743687984
57312.8120420111
65446.22389752562
69904.40350270525
69838.37570023102
