0.36584913599207874
0.35050474096358825
0.30331218046091124
0.27475830875593865
0.2424992711720348
0.3385101883238978
0.04522950478200865
0.03653624497648327
0.32519486490258026
0.2642625875660671
0.17559800696684666
0.21032641981538508
0.0680387994709836
0.3902285672959594
0.4370002423347544
0.4663757944384169
0.5322842332387847
0.6017289199368987
0.6327647481149629
0.6830726015681311
0.6780923556966972
0.7475595550963433
0.8226654340932886
0.8931438583042386
0.976183001355245
1.0
0.9648696850538266
0.8917461794335186
0.7261824568101297
0.5191432817068622
0.38294323262810864
0.3109506056683103
0.39721111857428887
0.5036864253968335
0.363900988187392
0.39047611307488045
0.4395180065973344
0.325573510793706
0.3419384470811778
0.37968469893405127
0.31263379740219577
0.34522118932033347
0.331054718656643
0.3277450502166932
0.3095068368560792
0.3125677953995929
0.25443691891055054
0.2891571166064793
0.3799281180445602
0.7537744038330687
0.5206324155115665
0.38155375589311813
0.37384706331887385
0.0381574778068946
0.0
0.052240569689506404
0.2623845133291092
0.21148406895086216
0.2409254637886602
0.05583912555710995
0.2688897023902034
0.1398562155973139
0.15429943576322244
0.2633887285417938
0.22111241672807588
0.3473798239995572
0.2054135165651084
0.056072104836994846
0.024310986358136895
0.281049871957161
0.1718000635253164
0.143147691700531
0.31282533063422985
0.17687087690680567
0.19425421694377418
0.35885842744030344
0.1608767177288334
0.0678601369231651
0.253488595005771
0.20079673550943866
0.306617065626314
0.3308209295865718
0.18806907085577296
0.25039630013723013
0.3311565521972939
0.23737483761357786
0.04743005421533271
0.17350400140094094
0.38392824650349167
0.2966242583018242
0.035573517451666294
0.658413525320469
