0.4120930627704944
0.4147377292898994
0.4491650294357491
0.5193549562796397
0.5178506964448182
0.5051768998134986
0.5095568688808608
0.4386169925400344
0.469327535178537
0.48910584863354656
0.4206937348967635
0.3867995993416509
0.34409025055506615
0.4468117941629191
0.5079113709262908
0.47469477184739545
0.46524241449908127
0.4425751658252025
0.45776867829676904
0.46150865610981595
0.4332695729926907
0.43585475896017434
0.4584873144323582
0.44715155675137735
0.4333342519899899
0.45883122265412074
0.4781764508541727
0.4615525851465528
0.45552707197031317
0.4814762987229882
0.47792153140223964
0.4472749111211493
0.4535101420974515
0.4763243377677708
0.4565843400854141
0.4594546340310132
0.47479284059922794
0.49889189532144557
0.5134137185455504
0.4954703482567259
0.49551441612938835
0.46796101778968846
0.47466156388359765
0.49010818438751785
0.4647150478080846
0.4445291990320714
0.4630334409584161
0.4569552386917207
0.4275305727400619
0.4290015883422531
0.43875851178139474
0.419705028379177
0.3968209723735116
0.4057904938334428
0.4037702177042722
0.37622825639741647
0.3701501631449172
0.38562747711934353
0.3755433935498673
0.35024389783629617
0.35020073764669285
0.3578395236463156
0.3435801790474259
0.36051398776180726
0.38367991664188267
0.40013410649820524
0.4197243198544679
0.4449191280335238
0.43584067334530957
0.427679626928022
0.40435221930083753
0.39810941828040197
0.38231122570200293
0.35696484368217934
0.3498613347899423
0.3663807540210926
0.38611349455009664
0.3988434766016121
0.3930796399148641
0.3659830683212718
0.36366402317342617
0.3895637713773236
0.3906157892854542
0.36525685141523306
0.37374623112410027
0.39922903600432263
0.3837793659610715
0.368161314708309
0.39142818521936806
0.4049589933049307
0.38129194702920927
0.3811486059761863
0.40884644902686135
0.40466066516371285
0.382268758842305
0.39730185138463625
0.4206028392851919
0.4020020851838613
0.3900172920503405
0.41736941314982084
0.4286670298074005
0.4041585761023915
0.40389978457995696
0.4337961207334693
0.43397289335745626
0.406839915443438
0.41190297281234683
0.3991180996794111
0.4017498823623373
0.42010640261476007
0.42430942365132646
0.4425227678229035
0.43377540445815804
0.4260989912704965
0.43679758162723253
0.4674441302697116
0.4694141759457893
0.49437929893014376
0.5012285110333768
0.48679582839545665
0.459146428606727
0.44687551740545295
0.463269715305003
0.44633320419884487
0.41712104332849803
0.41425806094591844
0.4271678666365321
0.41072105262037323
0.3850934057893449
0.3876379849598903
0.39502409078567907
0.37103856012871106
0.3552480247328691
0.3664839754550264
0.36320906925214985
0.3416617761729466
0.3250879296563343
0.30623125540096563
0.29663202529675464
0.30299096301647344
0.3173241948547201
0.3200155674528163
0.34464976475938397
0.3314155503612408
0.31508386375474123
0.33975443769247005
0.35092650319119645
0.3290871668504867
0.32700304317874584
0.35614295624914705
0.35403902233235657
0.3301672886724797
0.3415128576935188
0.36507517858288785
0.347486649864213
0.33079770388440244
0.3547436211285433
0.36703644825205717
0.34343868420475543
0.34327409020461375
0.3711748046687093
0.36463090910116
0.34785580303232655
0.3695838460204768
0.386419472247909
0.3729695728072655
0.3682612564348335
0.3953245278184527
0.4069451005082007
0.36912629632769706
0.3231520815059155
0.3326302298229135
0.30930916203741166
0.31689879283633343
0.3406995988408157
0.33196599303203284
0.3132515638570754
0.3349142210306867
0.34895681140592333
0.32981776490452464
0.33463679123525375
0.36232079468095685
0.3610301725646158
0.33955274619673725
0.3575104996816054
0.3797706401660961
0.3651647299318726
0.35637686393686074
0.3835559814003505
0.39231452150042984
0.3675550652987929
0.3748750695865543
0.3996431623482878
0.3857610094115963
0.35868283609743784
0.35582035189440253
0.3436178139603311
0.31903597353590857
0.32119216166628567
0.3212872228639734
0.2952194381875943
0.3039815315957107
0.31440458556911216
0.2266516328933279
0.28404950330714235
0.308972453529544
0.30121638495547776
0.27851976379865034
0.2908470695484185
0.3029622721969763
0.28305981459246476
0.26576063133787525
0.27952321901532534
0.2821415352325575
0.2574779821609995
0.2547285259106006
0.27008450480984614
0.2606926554473773
0.2406731971302101
0.25127486108655545
0.25652742082322694
0.2365010962612911
0.23043547507501413
0.24665449034423526
0.24402925507074744
0.2326695400637204
0.2457617364618331
0.25664526913635216
0.2642583353543154
0.25401581725220507
0.27174318192807195
0.2811544275734027
0.26506056875201706
0.2738797356719805
0.29402242495302755
0.28627617879569883
0.2719708476529112
0.2900578492803157
0.304712507412625
0.2876513172349607
0.28782662678837834
0.3125379810450938
0.3145868586798299
0.29721084780616214
0.3157710476642699
0.3301420309443171
0.3095802683201885
0.29797426000215255
0.3147225408799971
0.31076774564404014
0.2841996124061606
0.2696684885207611
0.24702124484206353
0.24953992548915735
0.26044054295573627
0.24660510629867274
0.22868148407254726
0.2394629745015129
0.24409442645579
0.22658302541398864
0.2213113651112667
0.23693492388698068
0.2342144132524736
0.2164483728257327
0.222326745137169
0.2363273812258379
0.2287242777945752
0.21824002386979957
0.22944996723464545
0.2379559126480662
0.22995889375215847
0.22712981606090046
0.2133121486508071
0.20572951859420072
0.21499306419908576
0.22318217097690224
0.23730992750501995
0.2412062745498462
0.2330668707504869
0.23650539702621393
0.25022815882471555
0.2532426743961953
0.2452577174534897
0.2534364048688193
0.26238831455992717
0.2792033682471865
0.2869369834373596
0.29670008635480133
0.30324821480508324
0.3196963760995618
0.3181383103846882
0.3188791563202204
0.3104963898788583
0.29338491932543104
0.28242154273750875
0.2714026712592606
0.2844191566443945
0.2890274018979941
0.2725685589861927
0.2725916672354506
0.2879711597969961
0.28805497641760885
0.2760714328639354
0.28241664668513616
0.2993086351984745
0.29246439661789764
0.28548898863363625
0.30618974514808706
0.3105650578001293
0.29274276451898074
0.2962105093701434
0.2967862213139342
0.27995246834693654
0.26877121411711147
0.27587427663216263
0.2694037497996426
0.2503498004472964
0.2512009722248322
0.2667947255404768
0.28235908489290545
0.2990014023732928
0.29074139320469444
0.2715053867407001
0.27785078721877865
0.29124865086385093
0.27987985907282414
0.26500840622483
0.2761647492288082
0.2863912095411837
0.2726589628675032
0.26046084565946326
0.26295579717971895
0.2801636824238543
0.283756816725861
0.27068469079805835
0.2759412534527032
0.2929770326698851
0.28741697739936406
0.27933099583710724
0.2916388429665416
0.30515925050494713
0.2975703170410448
0.2934633404920165
0.31019278766412395
0.3225726516109247
0.333012435471727
0.31584625825698726
0.3249476143392714
0.3456827532586841
0.35966236785974437
0.36432315385906355
0.39403450088095826
0.35032993538126367
0.3461982107418716
0.3307296361300319
0.34160026913273855
0.34032543764324963
0.3234059242153263
0.32051261122246905
0.3354806023512952
0.32702835184521784
0.3123888257441246
0.32031235183990253
0.33346416742567125
0.32275985006125096
0.31299520278042986
0.32934570624133236
0.3369012003248735
0.323200309246682
0.32620598512154203
0.3465517903112402
0.34089849505912817
0.3322029242521604
0.3438483708841453
0.32914921748767373
0.3086397763671656
0.3116362625144701
0.32680167172318103
0.3327789698220207
0.3137816680111539
0.3111835247471115
0.33105977477086135
0.3262580477412273
0.3132695019058601
0.32673717044979184
0.3459709613468504
0.3493446666475907
0.3326601828633228
0.3423923775882321
0.3579306651323668
0.34669747149807967
0.33808930912744406
0.3554665298998531
0.3654349256527624
0.3519179879076427
0.3511083854303094
0.36842502196252036
0.3681583223282392
0.3557350970978384
0.36718789184334005
0.384305419819993
0.3796324902027347
0.37370839108186715
0.3906894694883089
0.4007142253280557
0.3986043170448403
0.3898811369966173
0.4020533714163031
0.4172265016759555
0.4156241857392028
0.42257811840574794
0.43600002322327336
0.44614556242792036
0.45180907526250585
0.46538736102837097
0.46713238623616077
0.4858018355909861
0.4862745385428686
0.4844328928247881
0.5557413999227939
0.5577943627504612
0.5454951850836146
0.5363872672307859
0.5261057511857519
0.5170906768261936
0.5057511812203012
0.4997782982729645
0.4932913510254422
0.4802414006724569
0.470851417896367
0.4657918498138942
0.45878947892572136
0.44560889285970523
0.44024149136302937
0.4368349362058767
0.43070922971970765
0.4218521070954792
0.4114423737171323
0.4124516345283916
0.407103300122415
0.39259723957504356
0.384538739950051
0.3866045727123468
0.37619804033748305
0.3622805425458795
0.3620276288943341
0.362634386730028
0.34479706691323236
0.34081773112192976
0.34250447163368125
0.33865281596912034
0.3366301968782787
0.32089065152168605
0.3220265122308313
0.3420000428202069
0.34586176830646387
0.33527856101115305
0.33641705827799123
0.3346167980479342
0.32750727589922163
0.33746986023185943
0.3510620481337735
0.3536500098932798
0.3698109889131071
0.3797340061711765
0.36817463636150244
0.3675010071787619
0.3856239278155885
0.3899286180431373
0.38183255190703297
0.39047176853727605
0.4060073822037882
0.4072924112441805
0.4041308328723221
0.4161685723505569
0.4304473522257753
0.4288000590221211
0.42710507591275587
0.44137984258932905
0.4559614097585028
0.4558175411091101
0.4545274029293644
0.4682704627108116
0.48095103844599757
0.4794252752922418
0.48258305153446274
0.49922568603637574
0.5068261489391248
0.5076803185165975
0.5027620023097573
0.5208320511153166
0.5315750504933239
0.5358738538425212
0.5284321592122998
0.5208785374908684
0.502696775722187
0.48325081011396626
0.47656149032264694
0.4584618330586723
0.4500773086860677
0.4603818207711908
0.4558099077398881
0.44769178811015803
0.4376970091955185
0.42975548393810653
0.4235375399018083
0.4179841451881737
0.40662542572305055
0.3979704880070614
0.3959725145867332
0.38794217199935654
0.3741951942950798
0.3828568309151265
0.3348850449449217
0.2867341467457374
0.23644497408166573
0.2046808439756512
0.27479010288042827
0.3636239642548671
0.37939587454976254
0.40623720303427074
0.40067117789061935
0.4008950220793072
0.4302745794318595
0.4434695373124324
0.4320239654504662
0.45060172124237247
0.4797881390992421
0.4739695088327101
0.47337273663973406
0.5075079288984499
0.5138517379061841
0.4948941878305075
0.5076019210330369
0.5401077198186779
0.5388396755364868
0.5203273341161143
0.4879019930780953
0.47560720111084664
0.44698665607943794
0.44522478548544037
0.45454588064226015
0.42974780861826406
0.40641306691119927
0.413323269061801
0.41850059159552966
0.38889855905462317
0.374196396935785
0.3848615415025403
0.37717286547355366
0.34734530963982285
0.3427328391537225
0.3568018809871555
0.33572013169217213
0.31104487263500963
0.3269728323528044
0.31820798100442316
0.2959241605639794
0.2986251303624015
0.3224947132260333
0.3408862862347598
0.36229413631377627
0.3486508029719246
0.3720834149678798
0.38129494419311716
0.41204314225718247
0.4062725760393267
0.39079756813968924
0.4151155427485265
0.4373771968452075
0.4264381371897185
0.42059963516919097
0.4535172865318071
0.465435642484539
0.44321884762040903
0.4540885930195779
0.48699455928102664
0.4782877452027792
0.45801322578969145
0.48519635030330555
0.5066197518607687
0.4852549827672308
0.48390190303400205
0.5184895138493532
0.5226665503462002
0.49733190024067553
0.5089020500866723
0.5406912782906761
0.5289690089363003
0.5111393576837747
0.5356452193841102
0.5576192103282442
0.5365153961047868
0.5461711875599892
0.538301775149797
0.5199597723095291
0.49127688925785523
0.4959392343300672
0.4803258581355365
0.49865651304729236
0.5275447619983842
0.5299811486852164
0.4995400811306792
0.49119683612799236
0.4603792733773507
0.454568741183197
0.4725679128852291
0.45525441970994124
0.4285963575900002
0.43345343332626485
0.44315503237783765
0.41492518525613287
0.4011175960126096
0.41599511689222307
0.3817237700350499
0.4193219532875544
0.43930883872446713
0.4612949930608256
0.45516999370127603
0.45005298979391495
0.4768842823224307
0.49577684106006736
0.48415451371124907
0.4867191129066332
0.516681370337019
0.5246384037505094
0.5115181115796799
0.5304105247575388
0.5568959854690877
0.5593015773595069
0.5534353755643608
0.5814776855920564
0.5948919942714918
0.5928344004611954
0.6011270170966837
0.62681639857406
0.644707135562426
0.7469979755734485
0.7226984373643867
0.6407016748520352
0.6454398962672786
0.6305517532470669
0.6410397683577019
0.6449983371253935
0.6128274258182407
0.5991022479140391
0.6249368116994921
0.6395469431087814
0.6341092704847414
0.6099244434127378
0.5803198704453705
0.5702484035739641
0.5777998907559535
0.5853833541631663
0.5725500158291953
0.5460159223334472
0.5593838064990442
0.5694256024727529
0.5396933982225047
0.5292947808835545
0.5302044719847998
0.5197747506618845
0.49873002639654634
0.4772775552092293
0.49203200668572566
0.4921928008642997
0.4993463253146386
0.4795601548333977
0.45913573358559323
0.46391599472652456
0.4618784926518402
0.43292651026686024
0.42439258591837986
0.434206860136599
0.4225272119783039
0.39539107933002743
0.39696311681139745
0.4070981390583242
0.39374365404704864
0.36623808373653227
0.3441540514258659
0.36430536537613656
0.3579636949590167
0.34341978478465046
0.31786241574507307
0.3777028751120654
0.4067213675974116
0.4080598779467888
0.3966204887804331
0.4085848928449908
0.4365475286778492
0.43832893839448844
0.4362330461624154
0.4597733410988931
0.4800414583120686
0.4711911455433125
0.48018025636912454
0.5089527911956244
0.5127289065160033
0.5047416541460057
0.526850120096856
0.5490630546273572
0.5469614379190872
0.5515513539059951
0.5774035069951091
0.5874818339198928
0.5845141702249324
0.603907927508975
0.6250050026723037
0.6370321476793117
0.6332163307463348
0.648858151827072
0.6792923589725289
0.7375640627153981
0.8127602914385297
0.8241774658363754
0.8207986426884327
0.8040630625669793
0.8000386831900966
0.8064249069969204
0.7972102164529897
0.7831985865967073
0.7837771130621611
0.7827414984472607
0.7715002911912996
0.7655646842783785
0.7670076448902337
0.762220313881223
0.7485358397510081
0.7477039703373158
0.7526624949976338
0.7432049977737323
0.7333963680161574
0.7358905461819116
0.7371911870726505
0.7263375955199968
0.7228777673313992
0.726907187374595
0.7247971103526074
0.715124257376013
0.7154357878742529
0.7205149972930459
0.7166526575871967
0.7079852797030449
0.7127671256161815
0.7180876809037514
0.7137788209471112
0.7200701889398989
0.7133900554652838
0.7200676241250804
0.717464526904826
0.7194773599288778
0.7287338807468158
0.7337345469372362
0.731485860235456
0.7369163241061993
0.7459530298368966
0.7468897333995471
0.7462671304758776
0.7553045594616505
0.7639471442434994
0.7630420453527595
0.7646729210082562
0.7739043371727202
0.7795976982326555
0.7791363486778473
0.7866051570565347
0.7988467583799527
0.8019446220373709
0.802160762553939
0.8126703502101056
0.821069865891957
0.8253250556236589
0.8414066990316662
0.8372629175245409
0.8540094848949877
0.8703397976058278
0.8767933695367444
0.8972154513995825
0.8937061797589604
0.8910921160654458
0.8716282626832061
0.859716250224049
0.8475947018210835
0.831396702163876
0.8233312937966671
0.827081387552282
0.8200678101758541
0.8138427218708945
0.8057299598586004
0.7977674955347983
0.7983770391559958
0.7928324551899802
0.7807293943028767
0.773092109989824
0.7814707996767982
0.7734517089618962
0.7615441355225108
0.7619499513349509
0.7660132347045934
0.7562910483174944
0.746911592618272
0.7493982984265657
0.7447933603143476
0.7398357691057632
0.7294410307655033
0.7250667040389346
0.7190166223670333
0.7206522462057665
0.717175738020057
0.7087303738593395
0.7079472025649901
0.709701179189054
0.7028761008297291
0.6967106323563311
0.6997258860349427
0.6981882248976784
0.6934471475887729
0.689413775511734
0.69003399871423
0.6939291391237592
0.6931066238754633
0.6884551827701925
0.6862016464648366
0.6892888528393779
0.6938857480013064
0.6908536776376566
0.6917610634691682
0.6966094031459371
0.6997703250486771
0.6990082122115325
0.7011480303488383
0.7080461498644677
0.7092527151218246
0.7116213317855216
0.7162665176925804
0.7220192101789329
0.7208775085875645
0.7259722264013776
0.7325649413483099
0.7393041841273124
0.7451747236247186
0.7522941354338807
0.761314953719874
0.7665375398502782
0.7729640353027815
0.775746790693908
0.783065445818504
0.7902259985633022
0.7838238437710018
0.7352650209044939
0.7510206269040641
0.7519132970203926
0.7216013316782545
0.7147926242813595
0.7343520655975851
0.7245931858294021
0.6959521700362357
0.6995040220527662
0.7102916524071208
0.6955392870064877
0.6894227597423079
0.6684481254714523
0.643653896255446
0.646829442361059
0.666063121615266
0.6792262993169484
0.6810670083692935
0.6541715000958089
0.648414919997584
0.6618841980061281
0.6461154951863909
0.6237393338262278
0.6333719048839928
0.6335626450374764
0.6091930987425238
0.6000807912534918
0.5994892364867023
0.5918478088040948
0.572109500059285
0.5648941274321717
0.5659224483083353
0.5472229611098521
0.5515424885888341
0.538954223814128
0.5455366372181216
0.540750841229313
0.5595197905396339
0.5743895778599072
0.559285726820715
0.5739988053967361
0.5789472712472162
0.5961050639860913
0.6225528075374525
0.6268485314513623
0.6125965635276155
0.6230470667062534
0.6468028626218925
0.6468954562289446
0.6418931847834606
0.6613556395664928
0.6764227513335731
0.6674481585586374
0.6736948645509498
0.6974546093641522
0.7068264933109802
0.7002630163775252
0.7136367448520969
0.7389488294171774
0.7463311938594461
0.7267201591480429
0.7471143441099302
0.7678085564394832
0.7534719412882758
0.730096469859995
0.7237592172255316
0.7260494518738084
0.7085661843733688
0.6886255095888533
0.6866683477856513
0.6862585511409893
0.6653570872679162
0.6494597520276627
0.6549590386136172
0.6505544074376168
0.6241912820682103
0.6172967290641534
0.626367480181345
0.6129535959696306
0.5907438529083545
0.5934413143556014
0.597414525992551
0.5779373277206453
0.5638882211314561
0.5755825535943759
0.569527280463169
0.5457291134506532
0.5502499883081551
0.5425576092862502
0.5205927304837763
0.5136165399590327
0.49385126801478696
0.49353134495025747
0.505547352019528
0.5143164982166769
0.5029568686447612
0.5242120125549989
0.533144508454373
0.5190459941935176
0.5232329655314498
0.5455240644118894
0.5461699326203056
0.5368075418051184
0.5515832225053894
0.5697235124948499
0.5622525320933208
0.5589335628973184
0.5843142935503931
0.5920652850769331
0.5781024289221259
0.5882422714437574
0.6120116980154648
0.6085638948281679
0.5943557153759432
0.6123699853161555
0.6037585634042467
0.6120350296405137
0.610297630276678
0.585432058717746
0.5758711940568064
0.5847753486686401
0.5667636701107633
0.5462605567777624
0.5420491429061415
0.5434655487935561
0.529850604097396
0.5098530314012535
0.5142297218369729
0.5139412278688057
0.4956125741572157
0.4614167134576448
0.2075461452825941
0.19243856176477822
0.28660870620550016
0.2973512293339562
0.19903927781686312
0.2606781651086386
0.35310918222795235
0.422101656605491
0.4495961205918095
0.5012705701359833
0.4821121845416855
0.5088720498709531
0.5249719132744367
0.5006264584857052
0.4978982237451636
0.5307615558921372
0.5295372872877614
0.5079867017230282
0.5252154686610123
0.554060847635132
0.5419745276936858
0.5279186959643815
0.5576902842331531
0.5756316721707314
0.5561445253295382
0.5557113044342719
0.5913771494938237
0.5952325916174164
0.5756860530568885
0.5950785646302263
0.6230663113869899
0.6097816644649465
0.6018954094671828
0.6322935976363798
0.6498438437215598
0.6294792031575528
0.6355764937633539
0.6702177071510604
0.66983937148271
0.6475525821484979
0.6692940846050557
0.6974350256117466
0.6836367160252629
0.6730598865114467
0.7042696800334489
0.7259059881025495
0.7066995405420309
0.7292334525575243
0.7060158118856756
0.6801835971764477
0.6454312914709474
0.627844528936413
0.6036124127370533
0.5725392818681793
0.5566553638811002
0.5501230436982988
0.582168464397174
0.5741011177363547
0.5997423896380898
0.5931731893366553
0.6098917653250087
0.6083293914072059
0.605267916281693
0.5724204351842744
0.5645893798639601
0.5773176907272072
0.5651593902185507
0.532586540324586
0.5392469402437886
0.5512083455787345
0.5256215288185749
0.5020757960749883
0.5174106749197788
0.5156800693494075
0.4836329395188041
0.476282111384756
0.491273590455779
0.48181815921384064
0.4504865912163939
0.45492687722535285
0.4631292244298845
0.432165766067284
0.444389963840403
0.4354457023413408
0.46129043271147757
0.48003275274019686
0.4636055811486471
0.4621627741964057
0.4935936856425312
0.5039642019980443
0.4851354466621608
0.4963438540212922
0.5288121284007391
0.5258284034198474
0.512267715145283
0.5362850227353042
0.5599682577820412
0.5471670210208208
0.547095285338899
0.5795453609731323
0.5880599005194181
0.5759469818314054
0.5958566712748783
0.6235333238299914
0.619112891732097
0.6160178433511737
0.6455966714823236
0.6611908690835
0.6498227215558061
0.6614265319042844
0.6938941504458979
0.6980303604138737
0.691830177537518
0.7140697841103101
0.7361856254710755
0.7329899743056238
0.7345328467532918
0.7638661178138724
0.7777417389045895
0.7737625503099725
0.7898758469381152
0.8159411558715816
0.8178770375970028
0.8209684799299503
0.8540952937650625
0.855210391191932
0.873887636348399
0.8928194214071489
0.864301069527787
0.8467275921185056
0.8507543195838924
0.8362701928152971
0.8126036469846383
0.7994730168488823
0.7950678390874869
0.7612954159943
0.751248088656446
0.733446791506815
0.7008654525398925
0.6846480166695675
0.6656270538626049
0.6509770179426015
0.6477943279277971
0.6315569437643606
0.6094827256246598
0.6042173560643211
0.5990570520591411
0.5767566645232837
0.5583414912244268
0.5574198558157417
0.5429557924243276
0.5172130921692688
0.5148846875483514
0.5181449917664611
0.49454772070788383
0.4736137950897958
0.4812825495851072
0.4747604786928107
0.4452270971181314
0.43875022665171676
0.44884857097987507
0.4308237070464966
0.40314647032277307
0.40974659998728963
0.41926310574887726
0.40243051749595876
0.37620085264991504
0.3885829498318233
0.39027946244116324
0.37451595990916864
0.36850568401013795
0.3922549118315057
0.40997635895731127
0.398289519669423
0.40288352921898857
0.4327695840941343
0.43779903516698254
0.4258033624742999
0.44235250144077365
0.468608518737926
0.4682004255227849
0.4569317091455004
0.47989660446373283
0.5010299326829518
0.4876250350802852
0.4998592215111679
0.529432547173553
0.5309701429671689
0.5257230605043306
0.5498264152617373
0.5714719708283266
0.5636177855458352
0.5690797779403008
0.5983794518730393
0.6090955651412224
0.5962072955661536
0.6123199911745896
0.6409341482328791
0.6426414061733825
0.6399192415437123
0.664057978773388
0.6848401146597896
0.6778217709048837
0.6850472559599999
0.7133343222652901
0.7288606807035201
0.7226796888263403
0.7384607405504823
0.7639615138957657
0.7454242420851876
0.7215407965291943
0.7456062555819996
0.7566645284032315
0.7273441011144988
0.7324850245578529
0.7659539403080097
0.7889439936377175
0.7893800696420147
0.7559882622165038
0.7536693597641099
0.7660735492534316
0.7659757530463845
0.7502925844824951
0.7367501221874698
0.7032004208954805
0.7122528084647423
0.7277688334636846
0.7000507628733532
0.6792107124159552
0.6993874697265895
0.7016892565306823
0.6681621496407283
0.6620916617869377
0.6794897517093812
0.6631740425275244
0.6325892450830451
0.6409206070486947
0.6450361312670698
0.6214707615583916
0.5934299217231949
0.5932754257685986
0.5956983055842016
0.5726657309877571
0.5411132555378739
0.5263362096269715
0.5080733673458768
0.5342150018689068
0.5510160527748067
0.5327585536741992
0.5390958904182324
0.5696055078306825
0.575592869757836
0.560631082179672
0.5835720879852239
0.6076505295840638
0.6004565422578303
0.5954959993598256
0.6260474002657912
0.6404898593366631
0.630284216631572
0.6338306490119064
0.6643594127492433
0.6696542629461247
0.6594944102135871
0.6767058660376328
0.7037620173838831
0.697636716480254
0.7143805383443138
0.7449375890904504
0.737907297033542
0.7515704884751198
0.7448916096939359
0.7251130342217976
0.7459315572625874
0.7292642220353077
0.7510737530669379
0.7395563007880465
0.7137793686089883
0.7318721556879805
0.7131423437314949
0.6862592704666896
0.6988254544123902
0.7082391105215725
0.677784420517256
0.6630449822139926
0.6848902134865585
0.6785497088487998
0.6466710296667642
0.6474697177748069
0.6624612284664732
0.6413892213839915
0.6167610715735955
0.626288584754637
0.6319492907387707
0.601955735000834
0.5869656963781686
0.6031948098470228
0.5970174031446969
0.5645883867938268
0.56319655477878
0.5344978740553494
0.5231041193698297
0.4958335796311361
0.5063696924833898
0.5325022843427643
0.5232652497744645
0.5112475660643341
0.5364037844519092
0.5563046229550586
0.5236675406274512
0.509652784683395
0.528401000847739
0.5533461793228134
0.5508807308481178
0.5578219948152141
0.5824557472949797
0.588109759990801
0.5826601856836519
0.5988438786151655
0.6216772073910924
0.6196056903313815
0.6155564166383094
0.6392554868283605
0.6593556369878342
0.6532082371988449
0.6669135475241098
0.6574320428344681
0.6502642160704785
0.62894612646955
0.6165584858403176
0.5955079841514348
0.5877482778438515
0.58568369877747
0.5715945270783984
0.5518127517449452
0.5498442054544644
0.5475939640977421
0.5276696891487251
0.5129340385640208
0.5107980381811383
0.5122434815995498
0.49853782820294845
0.4969248339059079
0.5225030316970027
0.5369468988711049
0.5595961994791756
0.5734173108511281
0.5805187848378854
0.59315891935029
0.6070929589003846
0.6160052812169889
0.6242583245896515
0.6386636000276524
0.6515123964177917
0.6648608850780261
0.6733977447038131
0.7014451355855923
0.7008133614503133
0.6792564954335153
0.6887893212270414
0.6726293259072232
0.6681615253381532
0.6610797946743673
0.6419228187867546
0.6305366160432083
0.6251541886978823
0.6152469840654056
0.5982326668679407
0.5892495414371538
0.5832756599489712
0.572438531847477
0.5578408925611744
0.548371483128696
0.5427235503806085
0.5281388186203265
0.5129016070284949
0.5122907535413027
0.5027596146452252
0.4848402317154192
0.480080977476822
0.47798658491680135
0.46372662791556735
0.44861395516012936
0.44933157506814514
0.44364835167761263
0.4285357479686368
0.43935991726567786
0.4333211853157234
0.446119925096493
0.4488435403490091
0.4695912574961094
0.4912111172317321
0.5114303332497402
0.5237723208331521
0.506343752797155
0.5216291104019506
0.5460230214601082
0.5599453289377098
0.5849995073241007
0.5924800536873344
0.6050940901867309
0.6131100214698184
0.6055796424204404
0.6274815868696199
0.34761693103872643
0.2688952665570212
0.18196115335602228
0.17916602433463846
0.17823279468200026
0.1577220762401032
0.1516048057839535
0.17028389467060168
0.1683214960461559
0.1474496784792885
0.1565003152136673
0.1771810479260885
0.16040205637419833
0.14821500368902307
0.16899853127626216
0.1787036894458214
0.15625420612227825
0.16256703776843603
0.18641870786819073
0.17283377260584773
0.15451314662693966
0.17577055634237043
0.18861996734843708
0.16732105927182178
0.1688418841056315
0.14475018027178307
0.15086184167954717
0.12936435272937252
0.12420956347520218
0.14379025723714076
0.1415964701466467
0.12208294902175805
0.12903419282928436
0.15006172349174815
0.1425267265455284
0.13414029280841175
0.14923795713016252
0.1666180648574805
0.15615950010680818
0.1525696477109251
0.1746448814920222
0.1886066269093262
0.18218949637377382
0.18379204402785548
0.2086584829677977
0.2235586961623785
0.2432302980360895
0.2537273169079481
0.23638019132307858
0.2509428999819711
0.22502375790299803
0.21753780438236653
0.24275954620238288
0.24067626822402532
0.20996089754581806
0.21582276501636105
0.2386793176900059
0.2193729497350545
0.19852337041257842
0.22116714019846792
0.23029742763219727
0.20318370355219192
0.19584548735701288
0.22268558875138522
0.22084275838587372
0.19189800451951838
0.19981759387655237
0.23117710788530646
0.21565079920033534
0.19650482853459278
0.2090497052861508
0.21988722546675463
0.20131452552907625
0.17998903809227293
0.2029669876251529
0.20860868242872366
0.2760887972540627
0.3132555554581413
0.20115579718011564
0.18680791798543517
0.18313665091468326
0.19237389816958908
0.19776863723757562
0.18291620333282915
0.18552264842279312
0.16418934362457985
0.1480685749084499
0.14795981330775668
0.16102763093330194
0.16179048123205736
0.1475328601211189
0.13036827387355862
0.13597864539004986
0.15212718490709448
0.1441928638848724
0.137747348576262
0.1541149828949493
0.1691127818802328
0.15425827048130572
0.15541786751702613
0.17699200301823345
0.170585535426212
0.15645205162894454
0.17321687117129358
0.1843494579975607
0.16504251075663984
0.16686710361850982
0.18828925797637883
0.18683644150573767
0.16894499529348497
0.18160980211587632
0.20013869849432553
0.18744903966458099
0.17815629281179882
0.22702846497403645
0.20912563234129128
0.1876850177831956
0.17056584224356472
0.18477153154509812
0.1893362207829482
0.16828156521219143
0.15729776614791458
0.17229923345560774
0.17031757333199324
0.14919925961378208
0.14882323577355927
0.16215288323499133
0.1582255165735837
0.14164790664821172
0.1446437539962211
0.15709071794883842
0.15166448446286307
0.13984881301207983
0.14743876344324017
0.1575568373484051
0.15167826326099904
0.143291619308576
0.15860943325893118
0.1665364416084564
0.15852754974602576
0.15785621423595758
0.17390427008608983
0.18576068303556242
0.20771804357886986
0.16999164748497272
0.280391410963316
0.3234122746757037
0.3200217064989309
0.3159514792391947
0.33826488300304647
0.3457291352838218
0.33686273075972994
0.347637428821456
0.3684422558584063
0.371459088107474
0.3709615991885811
0.3905424832548911
0.40256181014758
0.4033338386755428
0.4103448085451575
0.43145806816294113
0.4392529408211791
0.44286083823219463
0.4595247242238833
0.4775025199698348
0.4784217022246772
0.4909532113304766
0.5078031029370761
0.46735816735399227
0.39265775116287244
0.3771600700893583
0.3682114839731778
0.3654757639285887
0.35574404365557455
0.3416857026015733
0.34006701019568925
0.3330056799812517
0.3183441005079166
0.31137895564086143
0.3123735971806075
0.30295503058035345
0.292677463342613
0.28721708584921285
0.28403767428107995
0.27188820781495254
0.2665620048249917
0.26397490464576523
0.25458956831897445
0.24533543161988303
0.2443098665375182
0.23980279995688003
0.2261464663423271
0.22756172101048036
0.23335286874540792
0.2456652370423642
0.2499244279302409
0.25252504560453726
0.267025657676613
0.27652371861086755
0.2761504530108879
0.28756143431218056
0.3029465964984587
0.30580687689317276
0.31084787459615776
0.3275758488095637
0.34019206584194256
0.3384570761209594
0.34883176389651754
0.3680130452932024
0.3834832037586707
0.37531732627120723
0.3358582192642396
0.2960219593728863
0.2826883658446202
0.2688489164648352
0.2661353011084933
0.26509399710917536
0.256268984343536
0.24499900524361048
0.24269246332528538
0.2430826375001446
0.23044413979038847
0.21906999053434886
0.225309456586597
0.22960666047606873
0.2051281715513976
0.17675898646558305
0.17572816625371904
0.18389339589380704
0.19016447925965774
0.18442477891765313
0.18555392516981145
0.1965041885775451
0.20091663343610983
0.20226009455858676
0.2493626064789508
0.23546651575778316
0.21822925827641756
0.21612520895862106
0.22216498091169218
0.23257135359638684
0.23506124276016677
0.24319592997532133
0.2520808400871086
0.2598097784999423
0.2714830403464381
0.27916662523916175
0.2857811807988181
0.29732808004135175
0.30955823567745344
0.3126517618923045
0.3210294060834941
0.3400279636983805
0.3482087323848627
0.36243032154022486
0.350673649651696
0.3671840697409289
0.35143029375186363
0.34974810626284103
0.37130191533821705
0.36926700070098606
0.3535944070880626
0.36637739640038086
0.3846885094743547
0.4041869041989755
0.33527391423463493
0.3049616565062491
0.3100090361211184
0.3004495467823793
0.28274998848412897
0.28206863725683506
0.2822547580603287
0.2680547241556401
0.25430801656332197
0.2577924101348053
0.25852409733692094
0.24017103594272315
0.23457852307500135
0.2408558591692122
0.23347797099080514
0.21620331896018366
0.21500589336408726
0.21875032288743804
0.21086145192361505
0.19580331187600025
0.19592355278700332
0.2043127459437552
0.19436132762851194
0.18110926123269253
0.1868078784584951
0.19177485450735135
0.17853230283469115
0.17353881750505823
0.18631058618023855
0.18527096983163746
0.17167559077120964
0.17769948160614693
0.19124221936772284
0.18413849256561654
0.17810918603720416
0.1947204653701667
0.2054003070790861
0.1944672044478135
0.20809311071513872
0.21731352430970652
0.19754951480801
0.1937273869710659
0.20870887288011794
0.2056610041733931
0.18892568720106204
0.18645605087943326
0.17981526086458965
0.17346124527957602
0.16583157543676996
0.16292945386590463
0.15740671400755543
0.16076266751146842
0.16282896926899734
0.16728571071898168
0.16053735786165757
0.15756013416081138
0.1589733953303433
0.15910445522588573
0.15610660511255972
0.1585010856532278
0.16040216863267595
0.1608944964360918
0.16265038024080802
0.1674615839937311
0.16841050837740432
0.17222361015870705
0.17826502716976833
0.18729197513405818
0.18695553365885106
0.19282592358093834
0.2075660252320323
0.21506809796648754
0.21744099677559256
0.230892934133116
0.2264052932938917
0.22789390984401092
0.21709394657814074
0.20328468996663668
0.20525281063431658
0.20952213403687675
0.19569123010810102
0.18750717358841204
0.19500671161081734
0.19998725352896007
0.18599023902394907
0.18229428137509568
0.1959886479111508
0.1959757898243576
0.18083539215407757
0.18754576358423278
0.20385627894279343
0.19542776441468723
0.18818924207010432
0.20380580779807453
0.21985223337319396
0.21346655837716014
0.19841047133515718
0.2042242680636807
0.22923053163818372
0.23492194641219247
0.2206886832537265
0.22161877054788778
0.20433251397915325
0.20036216527379108
0.1889412545827953
0.17853327996089524
0.18028518001021412
0.18064633165467076
0.16899999457292825
0.1651470432964416
0.16912660451313483
0.16502971035338407
0.15802005819889986
0.15835213912022023
0.16260358578056613
0.1600987458340341
0.1565712497745498
0.15720609613623368
0.16359676584426527
0.16498922689534193
0.16385967921679293
0.17049545995425575
0.1760840306744955
0.1821135681999158
0.19104449257227496
0.20243088578544977
0.2027818845003575
0.2005713400938087
0.20445843159681915
0.20648462437160237
0.2016434233106369
0.2134652675446724
0.20727667183334425
0.1905425544699396
0.19671106720924988
0.20701695521062338
0.1948995144025434
0.18604537558795808
0.1998017886264258
0.20735225565784043
0.19133572928656362
0.19566474900163414
0.21359379405888973
0.21151682192297785
0.19941342808076462
0.21413850646626995
0.2225931334565468
0.20883167316617787
0.21721571847147436
0.26227244628263763
0.2848494417712094
0.1587370065307489
0.12379889441488583
0.14039768120579427
0.22427182321790332
0.30222027707890103
0.39645359358991683
0.4029735046522377
0.4360111877387611
0.42253610084408993
0.41844322472381146
0.45068768044271906
0.4321653864212174
0.42377884236738267
0.46130494843650044
0.45817989735229225
0.4328654815571913
0.4556390236704497
0.4826621709857263
0.46136374130297025
0.44895234994184935
0.48399468199608053
0.5133864655726542
0.5197255859570145
0.5408928981431681
0.5496202985403726
0.5307824056604719
0.5006422904736536
0.5205886603163805
0.5326582444826379
0.5004336588253148
0.487303536704486
0.5147090456990282
0.5088563510047652
0.47246732379013096
0.47920024682731494
0.4902103023606848
0.4567312070681541
0.42475693374766754
0.4122746124239548
0.4357660431630271
0.4070017354528457
0.3908579938368246
0.41871738248678886
0.4191630506595649
0.38364207349125296
0.3859351868151156
0.41376410400911723
0.3904547338797667
0.365546251195319
0.3884212715290156
0.40223194246143623
0.36774783021643814
0.3623328428765618
0.389464694258662
0.38171728070883837
0.34859568225661636
0.3641352715868651
0.313700436018782
0.31056945934847896
0.310928283833239
0.32844038207220644
0.35464541972428804
0.356553636641766
0.36158429630892547
0.3857462372038561
0.40600403416921704
0.40080646523117286
0.41476670414043654
0.44522617247379553
0.4560060626423478
0.44681604424382826
0.46813380266414817
0.49731956829763024
0.49187974511495114
0.48073163206331954
0.5142662412925494
0.530266187762423
0.5044014670820486
0.4955520496227462
0.5189650460759417
0.500252200592918
0.4821253836899609
0.47983712487885427
0.46456334639378094
0.4398192315389057
0.4348133026122339
0.43075685746828524
0.40924371404301074
0.3900327659615611
0.38683555251238105
0.3734926483240596
0.35511458901136916
0.3401148451026531
0.3355740628683157
0.3200127804307283
0.3029118946218294
0.29338595713280485
0.29608025507432556
0.28961194873092616
0.2680913994641531
0.24998230745677066
0.25153068665511424
0.24381289850890536
0.22413509353275304
0.21157744123085206
0.20702555854485807
0.20314260378566018
0.18718293970579808
0.16644344726032384
0.17283650480980928
0.17762207839623947
0.1613725848052355
0.15163789786613568
0.16031948634850798
0.17647391898091344
0.17983400675961414
0.18175511026753793
0.19294268286902908
0.2102334792882303
0.21391505569037955
0.21979745591818772
0.23451323853874662
0.24983401807956088
0.2567893886982179
0.26509971641404817
0.28010980542700675
0.29655298723536927
0.3077596526271657
0.3147417541070617
0.33429264283262405
0.3482939311917183
0.35600617887981273
0.3665766105499795
0.38951871054332654
0.4037970745452502
0.4041457057031393
0.4239103637583904
0.45069852654890286
0.4766916376020927
0.4076920465107246
0.397104099443273
0.3888763490579031
0.3702971549594429
0.35774361562381685
0.3461805991749016
0.3331982549935261
0.3177990128030113
0.31059443971143563
0.29838431649573943
0.2781134243607326
0.2730695560071354
0.2788353191258006
0.2533746869480534
0.24233644169158383
0.2627621884110093
0.2645531426678975
0.2897364331974189
0.29673942131901304
0.2760141115235796
0.25181097070118164
0.2443536207906489
0.25097331804295103
0.23800415593232918
0.21745093121569445
0.22045430422659495
0.22642428920952373
0.21823848998232848
0.19989861605428
0.20342950369199006
0.2073359442447146
0.18783469436768946
0.18213321382340586
0.18914609464048826
0.1917890762421635
0.1748560324644194
0.16834071446236396
0.17848001486411197
0.1777003214522624
0.16377554382937945
0.15640207285258204
0.16984131268588445
0.17072930703273165
0.15640125332353993
0.16462319623155053
0.18478858515890392
0.1941087248928812
0.21895755875943432
0.1691469255573077
0.1480008203308502
0.16387211792160095
0.15492396299525713
0.16093392906632797
0.15425821017919236
0.15963301299413615
0.1757012524706741
0.1772335349873917
0.16963768368090315
0.18259063551069032
0.1999079330016025
0.1965138363902667
0.1935736879212907
0.2141224749364477
0.22868523397283136
0.2256312096718888
0.22880358545732038
0.25428410725127387
0.2627742714807188
0.2539324032224416
0.2686733525154795
0.2931550830820531
0.2947626146845443
0.27870560356956736
0.293652134782712
0.3231203482512658
0.33648180863687366
0.3269994170429568
0.31322730483981687
0.3184831874778647
0.3090493260819816
0.28389775714702364
0.2790326486992172
0.2822078129794139
0.2686431096344064
0.2462146734021774
0.250207782223922
0.25349596321936657
0.2305722074599415
0.220156798486813
0.23324597961119486
0.2288236891388178
0.2059594753248658
0.20004198761465675
0.21350282394611395
0.22415389932970287
0.20842020815111612
0.18979982936122092
0.1947174631697905
0.21343221935304002
0.2090273598409282
0.19155776578000847
0.202526093935249
0.21969762932822567
0.20872622680564495
0.19478082782707037
0.2125609397391527
0.22236269963710617
0.21471260445925394
0.17672062886361645
0.1636236989187832
0.16641009722360373
0.17444563726740098
0.1719178756623116
0.1628657217382204
0.17310584467061368
0.18427922450934295
0.17837485426588703
0.1732811327826698
0.18821309105961942
0.20027173273333
0.19484695189738618
0.1937099942596061
0.21470989723685938
0.22456049801362232
0.2156697763148037
0.22308379557217706
0.24727564456366885
0.2517729454240768
0.24729785050683978
0.2625375579497794
0.2843408097620114
0.2886581902747144
0.2788329257554388
0.2798300410049591
0.3065447887464336
0.32338266013134603
0.31236183242790383
0.31979395679682204
0.3465616870269868
0.3638967560830382
0.35515406699989743
0.3749698591027029
0.3536140417787714
0.34186386149749615
0.3536025733191887
0.3484157036908334
0.3284153963160231
0.31104331166318916
0.3144345007255037
0.31494238565347915
0.2934965716179662
0.27726196231616645
0.286472889116829
0.28407955944571894
0.2588434904856247
0.2510085086772943
0.26262786232927665
0.2564598366716729
0.23177617632248632
0.23676239917430356
0.24619483952534071
0.22991001963726188
0.21291726250826062
0.22543638648596506
0.2280530190803434
0.20747491305420604
0.2027967310003701
0.2148524630527299
0.21313273996347984
0.19304070007847166
0.1950837471699062
0.20711077021184376
0.19903009559121548
0.1865382922629841
0.19618607791581907
0.20514843809018812
0.1934971226202135
0.1885618361434105
0.20175292699650915
0.20606568536895456
0.19811246157921075
0.20800052010336012
0.2179993313539355
0.20591631789994938
0.20354958180594468
0.2142105831103749
0.2181629606335721
0.21781213316367457
0.2067786787758058
0.207020671427029
0.21590097693374397
0.21712954744888827
0.2289761007031357
0.23038368312016153
0.22551093209600992
0.23271694654062738
0.22468805261771632
0.21819093416363047
0.2103985326098993
0.20455415685022854
0.19394477095671417
0.19223519828314356
0.1913219627677803
0.188999335579612
0.18502411946924688
0.18123117179566528
0.18039594753444768
0.17801114484096597
0.17697515120877305
0.17213897305118164
0.16947759151068417
0.1724832493667741
0.17208895913478725
0.1637998214463575
0.16590112248908487
0.1725525245870805
0.1689625556644895
0.16002142088830434
0.16967011421173894
0.17700153522797402
0.16591519045740447
0.16316085117423795
0.1784018675988316
0.19435292305149934
0.20916399018952228
0.2254559045807049
0.21128803245074504
0.1990779359669397
0.2164074776206947
0.22006785455404407
0.20163704843166244
0.19848413149248725
0.21626544598032774
0.21401212118628843
0.1976684604933942
0.20331206730325135
0.21672018232994028
0.20992346564188485
0.19768031590122773
0.20845289779113144
0.217068277221652
0.20672302897039885
0.20210030658263117
0.2146671329450222
0.2204539063777375
0.2094933233759868
0.20982532538432264
0.22174153324115073
0.22279390654000883
0.21709579143315788
0.22068447776519828
0.2158180294728843
0.21824952746215648
0.22217186169333694
0.21689976795410665
0.21108866152892083
0.21370990602042592
0.21385013669742567
0.20450828118847184
0.2035698233947408
0.21045501591149285
0.204830967889723
0.19579937157050076
0.20272655162573452
0.20967517439575634
0.19633921944886867
0.19357161620089894
0.20677438209511123
0.20400292984276708
0.19057766047725896
0.20016242829314523
0.21339523370239483
0.19937157249407034
0.2012257997142799
0.2216414258689937
0.22777475276005055
0.2472172819160139
0.24462945047637005
0.2243187142836933
0.22915059835282844
0.24706398150450926
0.23511060466891284
0.22201732081368125
0.23993465271603626
0.24583784988567314
0.2273472791285289
0.2269284771309587
0.24426408679876702
0.23694846628776797
0.22477490029331906
0.23750578774833184
0.24050623168080498
0.22729333994431944
0.22978124079227713
0.24584051844025473
0.25082507806004145
0.254460039525885
0.2721278941520962
0.27540553804703866
0.2656943555933254
0.2840004927939809
0.2935404716087839
0.27852577877698503
0.2813932415919948
0.3054574677848101
0.30445336812813634
0.30182813189764546
0.2881858661004386
0.2789744607862703
0.30241371319451
0.30486762240663795
0.28541441997111366
0.2911080008636537
0.28661836357908255
0.27679787497954794
0.2614028467996835
0.2592928665053016
0.25867899079224704
0.2483602538351223
0.23516996528285455
0.24076167110311544
0.24126767057678672
0.228119445238268
0.22655508920589443
0.2281680376739138
0.23439093284894522
0.24142440664068254
0.24919092121091738
0.2461220497919414
0.2539601024391282
0.2654549488133271
0.2588280397649682
0.27102058999316986
0.28399837134080935
0.31844506957626273
0.3868036583500282
0.35437804431074055
0.265861041381076
0.21856436060007892
0.19516978296913248
0.22265361882217752
0.1682849597203856
0.07710571151765898
0.01951487771691131
0.0
0.06283802631468016
0.07628672924200221
0.0864228218596433
0.09392276385639008
0.09058478268592512
0.10592819471821448
0.10068001715051877
0.08006374757202217
0.09006156333415422
0.10122362952004992
0.08597808121016864
0.08119322256863287
0.09839275652375043
0.09694990012505612
0.08305326918869906
0.09162072822812638
0.10675855682863668
0.09993041051561642
0.09581261283474134
0.11171573902531626
0.12126433607402652
0.11657059020417117
0.12096712895081553
0.13791003542798913
0.14256070401133542
0.1411634170264869
0.15381818489566843
0.1673413631978541
0.16943437930761837
0.1741419922684631
0.18779213420656307
0.19849960264704963
0.2019148572704587
0.21139965457497834
0.2166564091738285
0.2227798753141654
0.2162980616291325
0.23454567253713537
0.23770813648892924
0.23670570907200772
0.2355883737738826
0.23871796131900308
0.24507393688798507
0.24832503529257388
0.2454060986255463
0.24945459831380007
0.24099680208674062
0.23279263319432478
0.2337593841979853
0.2353853701806407
0.22751882908885535
0.2248292502162583
0.22690586579009453
0.19056990866408396
0.18723210866621734
0.17759668903328762
0.1771947169308339
0.1838748860793055
0.17922757702243924
0.17186675425214834
0.18025189227746277
0.186125179201645
0.17831847767994569
0.19021070621540617
0.18599271288750005
0.19539136206722302
0.20816927688489084
0.2088592831123157
0.2057828808439565
0.22227529174386965
0.22988145151528985
0.2240162192206798
0.21697268927443375
0.20872256997600172
0.1918104766171806
0.19357708483696717
0.2033753045104081
0.19404567759091887
0.18439572686401579
0.19535129635027954
0.2020490586174158
0.18956534415061776
0.18480796469658645
0.19911923480951244
0.2044964965358554
0.19235261900303208
0.19096180028996093
0.20729228606575287
0.20927198774389894
0.19759191641397528
0.20347611997828374
0.22709260670970155
0.22233512339922315
0.21046434064661243
0.22254114725124644
0.23672076291759714
0.23212808617671993
0.2317013180620426
0.2497629743407915
0.25617382445852516
0.25045439518519086
0.26046218658517006
0.27065308194067567
0.2601752073862648
0.25429516188382495
0.2492076596538122
0.24990700109300515
0.2355649737973199
0.2258830176903433
0.22840107351538488
0.2230224566116135
0.20959183240073015
0.2047105838093967
0.20531911262243677
0.19560071165508638
0.18701858780660074
0.18946951167768078
0.18597028771833013
0.17641224553648746
0.1741607236184342
0.17217537488559181
0.16628485106598662
0.16524971808685732
0.16770435422539243
0.1645049547557751
0.16283640707457
0.167895701877736
0.16435880804543793
0.1822408234241374
0.18331261540086635
0.18160269833188997
0.18307480994345104
0.1880172714275488
0.19212018374298748
0.19494004066883966
0.19795865096678356
0.20469531409918196
0.20805683457781254
0.2132723273874289
0.22215133452909358
0.2256638362723848
0.22889408956117072
0.23766580841065874
0.24566465562389306
0.24887461846745437
0.25620231515756625
0.26614345999051764
0.2740223664782317
0.2779689464450067
0.2882422164375594
0.30177251289743273
0.3346537432353372
0.2874806144166708
0.2890845393721183
0.28260118112256194
0.2664993869769074
0.26695905744423537
0.27280753815933734
0.2608823159126645
0.24799987321136382
0.2548389253674198
0.25793288772721445
0.24181372685782776
0.2348292994068644
0.2473233129736638
0.24311029348265792
0.22867955205512389
0.2282504056214092
0.23648710765923625
0.2265215356160087
0.21167785364166766
0.21533999140936946
0.20310716432893655
0.19878184417985154
0.2116180899404954
0.21446336917745668
0.20565543996597282
0.20457535916954936
0.20976811191089878
0.22083433637813443
0.22121412965864723
0.21886954757438323
0.22684459611987476
0.23869100320630152
0.2385477593513831
0.23944257177292233
0.2514858060220821
0.2609319093407651
0.2627412323420592
0.268519534391106
0.28159429092878435
0.28897869614590227
0.2928846135797447
0.30440614058781734
0.3149958805699261
0.31887730093660344
0.33153739388757214
0.3532526843799214
0.35694031981157276
0.36359531460694605
0.3849856955462221
0.40232434490685237
0.4067183405332959
0.384085504789082
0.3808208461114104
0.36710178541470095
0.3527166320040913
0.35244784268807633
0.34562862948399603
0.3291258765651342
0.31994755460611496
0.3217633682806186
0.31758347691653854
0.29914493523363034
0.2963648202866289
0.3008895620178164
0.2917074041712794
0.2745710110315402
0.2782663245561355
0.30874459066022547
0.3087720751980029
0.23770164503419192
0.3535520591094497
0.39798931276633726
0.3933340081064699
0.4127067264141884
0.40444031724263774
0.4286533346219985
0.45002012670429103
0.4325922743870708
0.43948341842886046
0.41834295367289837
0.4185127288197035
0.40926806505113006
0.38720671511672516
0.3746927250327589
0.3733451002694603
0.3587678718990662
0.3386555619040146
0.3337494112490581
0.32736552221562204
0.30780269412426525
0.29368329459827397
0.29123911181581896
0.2805564640517276
0.2610133833575933
0.2553359366874607
0.24575548188926769
0.22561051666060497
0.22042231109735666
0.21353915676752566
0.23064876111368
0.24661749033252411
0.23636410244856484
0.2281916932241431
0.2483108913568287
0.2630825002418296
0.2519786371156721
0.25819197894797485
0.2806424965470255
0.2884707080516916
0.2813212452948857
0.2981184007466802
0.3182257245962137
0.3191545537856688
0.31742968583735015
0.3396479473708968
0.3554695435890217
0.35276651099216216
0.36271335275306565
0.38648434244502144
0.39940307527031316
0.39615733728981795
0.4087313922165734
0.458044866505705
0.45185877050350953
0.46510908911018195
0.4493935561168864
0.44585863969211886
0.42118450531774854
0.41776549997231155
0.4110658019305432
0.39282122514687295
0.3766457512494585
0.3680817205578273
0.3615286496864849
0.34103740930459514
0.3292586283475857
0.32368841326360315
0.3125165507023113
0.2927997942423767
0.2850090855405298
0.27914196569860195
0.264382565777551
0.24914488333903417
0.24559154507955322
0.2390721316368456
0.2221904925351177
0.21208733648234357
0.21346233156072722
0.20130541319154355
0.18660353935775445
0.18723348344111745
0.18818640836402872
0.17566787841591058
0.16733622593524428
0.17243155960017612
0.16962036877140618
0.1601123081807533
0.1608338482091563
0.1644123728329117
0.15880057022034624
0.16507833871957406
0.17800504340340434
0.19494462109167288
0.20678976972293175
0.22529732600962726
0.22165366500122818
0.21926816054298662
0.23937115022384478
0.25174064343702496
0.24601610763734982
0.24867601215136378
0.227648889182167
0.2166654601419439
0.20021618680830724
0.18642871900075322
0.18831392627621044
0.18418821373100533
0.1922108263861738
0.2040565358651685
0.20338133467359387
0.19179738809076335
0.20063121712046192
0.212767652913662
0.20678786489706022
0.2019684023785992
0.218937198773113
0.2275539038387784
0.22275046897207662
0.22658086997572705
0.24658569940818084
0.25049018696208897
0.2485615804763822
0.2603428348247062
0.2775108088321612
0.2800441878843747
0.2834937054314506
0.2577302595583147
0.2518672877078559
0.24602848101782385
0.23301570296562993
0.22000516051602204
0.22025687094315655
0.21273870092629607
0.19731179864296464
0.19505152414666047
0.19961731401895505
0.18890079951111588
0.17537564896028643
0.18162534711412753
0.1869853996182649
0.1742440225798288
0.1690161661071021
0.18286446913409346
0.18580098584600294
0.17399572844032207
0.18374537039674338
0.19925706440979374
0.1930317310913654
0.20023200574940084
0.21956808644353495
0.22107891964605692
0.2296108272156336
0.24857115002888716
0.2552405422700564
0.3196371314223133
0.3529386212996333
0.3249513510077333
0.31375362578828664
0.2959659397962443
0.2682764817632963
0.27035101920343735
0.27606267179980415
0.25457454446260436
0.24043415439340768
0.25242210566100926
0.24956199382486116
0.225539490505139
0.22807641691173497
0.24028515393351702
0.22450243307262602
0.21056036768149144
0.22403351729261584
0.22998651747286264
0.21266954134498361
0.20908296020408543
0.2264016564991575
0.2222162957447929
0.20742937090681224
0.2194004018232112
0.23233897419850635
0.22340821199302094
0.2189369975791392
0.23848696028428415
0.2555439486058466
0.2650374431594387
0.2780570557962116
0.2666736405248584
0.2758035800489364
0.2588408340847103
0.24688937093646887
0.2530748177998765
0.24964056938123824
0.2304213994047797
0.22792019706948308
0.23741854834280177
0.22398139273785514
0.2094044344062429
0.22001819516155574
0.2307668677688334
0.21690729511159432
0.21679323521736424
0.23709498776568544
0.23825423454228362
0.22716282661065842
0.24317954061313196
0.26013093132344894
0.25631693002979383
0.2547821746506971
0.27498805346591015
0.2876314772963768
0.2825913420957972
0.29742745275637383
0.31364350445291134
0.3176775495052426
0.31696767411332544
0.3454519046049368
0.36042455764344195
0.40019091185395583
0.3693026380871525
0.3707345377927658
0.37162217663269514
0.34168520794531904
0.3430319153463839
0.3499544935296808
0.32485470880829104
0.31099597748657754
0.32324863213817745
0.31509486299162304
0.29053405003393407
0.2921669126498408
0.3042819903904626
0.286916971548316
0.2687880231605661
0.284159717463943
0.2876288218194077
0.26763889293691623
0.26518078519930366
0.28526384852944414
0.2855823469250589
0.2694548763744158
0.2676879597741192
0.26156403308078374
0.2644019719880343
0.2620965751086417
0.27850927708111156
0.29152258278325105
0.2818775742963494
0.28600494296676116
0.30869537546461784
0.3135777158395957
0.30406977513139716
0.3213483152139475
0.34105594831102204
0.33807124895382884
0.3372469909805318
0.35981303626102795
0.37291864910010203
0.37018785936042486
0.4154018124505133
0.4474217166169924
0.4498549348333931
0.430318992393725
0.4541262776763583
0.4797972765689081
0.4628773120442072
0.45963928792512365
0.4936446176400622
0.49975417691486673
0.47611904230592267
0.4937638886385601
0.5253389229190326
0.5114758912330707
0.4953982166175977
0.5251951284051536
0.5458198927276994
0.523565460260429
0.5341354665469772
0.5702546655167637
0.5789618008399664
0.5714327103385108
0.5562242059873717
0.5804365720923423
0.5671049222145548
0.5677990064726984
0.5330397487748423
0.5050306853478622
0.5009756873056976
0.47121444678871965
0.4847187847312161
0.4821744582494182
0.45064915082687745
0.43942404427022214
0.4550009862088282
0.44212230295657895
0.4102248420259518
0.41470489153700685
0.42692042460833324
0.4032168021456059
0.38200807313590035
0.39992051497908027
0.3988337174383844
0.3664040060452019
0.3706947780344722
0.38892455947586585
0.38383068019340427
0.38686873160236895
0.41350390218763317
0.4248460318177548
0.4168755625486618
0.42849933916136884
0.45628566678831295
0.4630611949442618
0.48783932403052815
0.48930945646258134
0.5188076384276267
0.526576713041679
0.5459258124055344
0.5159148469580466
0.5067321100358291
0.5378371096660236
0.556235069308092
0.5778901508499757
0.6079839132585573
0.5956550505176732
0.6217731037008782
0.6217945041084884
0.6365132830660786
0.608798468001268
0.5858455463362424
0.5825609518063907
0.5783997045943262
0.6024802002837336
0.5866089526010726
0.5318871297113437
0.5329601270049388
0.5138260849650839
0.48634593939728316
0.46451084615778565
0.4639252263422967
0.49606074398204836
0.49220082909503327
0.4670806207461843
0.4812590577727887
0.5091473380801934
0.48993757581699265
0.47818983981906504
0.5104135629606739
0.5225541585475276
0.499807083141461
0.5100731010556555
0.544676146330735
0.539325174655778
0.5255649923870039
0.5520732897365684
0.5801962568417174
0.5670086415514447
0.5619110968036622
0.5956842241441923
0.6076253278206235
0.5931798021748915
0.6069154719476221
0.640423177865051
0.6384600207979599
0.6270996746129457
0.6548942591708534
0.6819345683908357
0.6724137478027189
0.7046496063750133
0.7059794068088973
0.6905823193272131
0.6660112580943127
0.6748763091388109
0.6422192816695865
0.636276824287348
0.6716884697344374
0.6761024269562017
0.712891911246157
0.7171875304444302
0.7456556611385854
0.7364575277971239
0.7051886720695375
0.7142925494029093
0.679090873449461
0.666150581192078
0.658871103772385
0.633603752361568
0.6216539969461863
0.616579147831471
0.5975469903214009
0.5767447626078568
0.5677698988699729
0.5604574312417238
0.5394160655918905
0.5201317092044546
0.5210160081563532
0.508123654056471
0.47834284971362145
0.4802433481500357
0.4817288001631434
0.4562725457760965
0.43484581749389534
0.4450095860594093
0.43909636019372306
0.4093794977213499
0.4011595474052049
0.4016597644761244
0.4304700341622098
0.4456080566124727
0.4384154185968707
0.4484739105328249
0.4779649316883045
0.4789533994140699
0.5091916147532081
0.5273899548466805
0.510337805032893
0.5124854512987537
0.5460880775685352
0.5511652282386207
0.5368678057147992
0.5567439188666031
0.5841064203000113
0.5741419400435107
0.5730832441192205
0.6055281796623181
0.6194099743181684
0.6117582708985929
0.6184395677310276
0.6500467561465229
0.6532207552182336
0.6510448763603521
0.6724233988842349
0.7000804108615174
0.7179537696086312
0.7244828571311472
0.7380305658429291
0.7628519494656323
0.7719887445123735
0.7800070833288268
0.7957941935884171
0.8191838458661543
0.8290110564320138
0.8361021178139441
0.8564035099773853
0.8773376915145056
0.8830195298650024
0.8932594460249641
0.9173676315998608
0.9337603070156616
0.9359587100082256
0.9607158234047858
0.9923390899653438
1.0
0.9723329953084282
0.9713098585857466
0.9883028100652766
0.9839794943983954
0.9648243230189173
0.9590549178298898
0.9455516302959338
0.9218162245847175
0.9069813417409384
0.9016844681293659
0.880823593648574
0.8587201844074456
0.858297242093377
0.844385586088169
0.817487380147023
0.8078283287411503
0.8031044971728287
0.784432119702859
0.7618333560737564
0.7548117141352256
0.7466377760830474
0.7216882174999443
0.7051348167521537
0.7010082573860973
0.6844208814426991
0.6642052706606916
0.6484036173756407
0.6331676415059915
0.6113212981487778
0.5847574730478426
0.5653379756617507
0.5329624104986873
0.5265816936545656
0.5405722119755902
0.548548426661322
0.5683135923677
0.5849236396205454
0.5925887477720677
0.6075177562481386
0.626504131450719
0.6364525992265289
0.6473980382653323
0.6652104760312525
0.6825058005231492
0.6939697856546236
0.7023877555442443
0.7248551655161888
0.7419385958992499
0.7456159667773947
0.761904072166458
0.7889902073705216
0.7950008884761866
0.7995923030994898
0.8256231212473377
0.8430348273683465
0.8428166669825173
0.8544905454833945
0.8814848559390056
0.8967721349324634
0.8881925768139439
0.9202776787174427
0.9415403763146639
0.9412268069864389
0.9510413528542618
0.9188220492948106
0.8931018130782821
0.8704200458531254
0.8949730165644929
0.8971390329060619
0.8631834209969903
0.8323106238069998
0.8062831303909334
0.8073720167267072
0.7834962984570352
0.7605603214255328
0.763290027797496
0.7541221275529378
0.7255210377407876
0.7093974599786755
0.7112505662260086
0.6933866131767916
0.6687366439573968
0.6609207666164925
0.6582849691247963
0.6379538284639169
0.6136935028246743
0.3395877923034314
0.3759757058787534
0.40045763239059445
0.3612379848873411
0.2901702600393292
0.23517431126570656
0.2049775591351942
0.2604509507814284
0.2655062399831657
0.28119598626876374
0.2993574268186542
0.31742275904232525
0.3340547014326427
0.33951453402167775
0.36164095117116446
0.3769251761743425
0.3808275845577504
0.3912083887591009
0.4069470382231924
0.40160873771982175
0.4214250628162717
0.42308048032091344
0.4295612275271471
0.452020329683755
0.46087709290149337
0.4577263867708779
0.4565140940925653
0.44058166270671434
0.41771714945013877
0.40283658183405086
0.39285350520155476
0.3684144370756018
0.35413506750107393
0.3424018862508595
0.3219957088910361
0.3184490099066138
0.2972754619817355
0.29619040146289943
0.2921312248889122
0.3025428530621829
0.31755902055464286
0.3131648899800045
0.3324756286836546
0.33330657942732844
0.3534625663582061
0.3618850685206755
0.3784711830216923
0.39008095468470516
0.3950126539596644
0.4079906937032879
0.38907573819085167
0.3679067599806429
0.3667926946408145
0.35443174959308404
0.3406945782544813
0.3344268443104693
0.3194921087162379
0.3170599255294044
0.3057980762891125
0.3170178341827046
0.30833370844935876
0.3222344984301238
0.326026832188135
0.3341749289056424
0.3457335314691151
0.37095891856002483
0.3815876698984214
0.4076538207194198
0.42508840104832146
0.4452646462683443
0.4679437911462863
0.48775011258597806
0.5061054906302319
0.4912317847068771
0.46902345160418807
0.46427018698172695
0.4431725966954444
0.42759187790764863
0.409671368647343
0.3960441988398844
0.37398630662129384
0.3680022289353239
0.35328253905974
0.3595276266833812
0.37161820701509796
0.38637202646619095
0.38836925369033093
0.4047763705815204
0.4003422378892132
0.4186692254222549
0.41464731925839327
0.4293367095000995
0.4425791981601635
0.4453267459563083
0.43050811626120644
0.4100066224767829
0.41117905123701326
0.4134259958425467
0.3913307177700182
0.3779776366120932
0.3877013098146949
0.3834216879077044
0.35884561906647244
0.354418457355981
0.3661049602349779
0.35584325993094
0.3318889510438348
0.3361996038447532
0.34610396969792623
0.3260534865440085
0.31163509308542936
0.32707650425956825
0.32411696025666786
0.29985990374918875
0.3006497344873296
0.3701274597292672
0.46352606216328157
0.48180697398688965
0.46589789710386964
0.4696138143278996
0.4524349682792108
0.45935887795223873
0.46077521583215103
0.43492158567634953
0.42836185976749935
0.44425774990230893
0.43459724222722884
0.4110081160194712
0.42044333276833235
0.42928391395985
0.40689850271273564
0.3972545818383174
0.413720387580864
0.4097038626758927
0.3853704040883072
0.3892002558832154
0.39646688237910727
0.37731715671485005
0.36518766792858204
0.3758095570518716
0.3760627859794555
0.35553328799366435
0.3537623107960267
0.3466993307315574
0.3589668006112461
0.3499165421403756
0.3527606032495535
0.37301824144326234
0.38034995354545015
0.3700839038901671
0.37956925608755404
0.40107251340293776
0.40503295884268953
0.3981782613796726
0.41484187600890926
0.4340067766586148
0.42930461910097534
0.42966656556725424
0.4514006184658115
0.46631864939645273
0.46582971643763743
0.4740314466474676
0.4995965837950854
0.5514655356349769
0.5187314639803136
0.5229434689320074
0.49352626215603246
0.4883037783159639
0.5051814770999548
0.49362992382642656
0.46602657542862075
0.47459197020387234
0.48449142792915706
0.4593571118512406
0.44586365866404104
0.46196213175266176
0.4577206756024395
0.4298903773686087
0.4299164199450856
0.44311810794694834
0.42677786160263625
0.40556896000098974
0.41658343316268015
0.4230890390109716
0.3982217891991299
0.3876758140199556
0.404290405876264
0.4001957784801924
0.37667575780579166
0.3748773722798389
0.3891842832771171
0.37458849681764256
0.35446069049110723
0.34227616578862546
0.3261535330195911
0.32698482408121965
0.32008011710863055
0.33540085810928044
0.34687863844387085
0.3381360642408406
0.3397334409127127
0.35803839032903184
0.3672192321951891
0.36117691387337847
0.36802618633674505
0.3884420500580501
0.3901171285912884
0.38477500377342017
0.4021495439350501
0.41810055534853463
0.42384314777151805
0.41215986122256704
0.430604491989523
0.42861692045973276
0.4011205596178714
0.40077727494307275
0.42038321659813777
0.40823940587810487
0.3841748403216989
0.3920600743555082
0.4047300609131035
0.38312811671944735
0.37305832922124865
0.39342535311884264
0.39269657621153103
0.3700265390949381
0.3775948455988374
0.39578683770309003
0.3852258917208124
0.368355102944095
0.3821715505359887
0.3948065194911933
0.37823286817044577
0.37787555269727696
0.4055992510157906
0.4011093088355858
0.390388917188946
0.3878768256815144
0.39257290350498436
0.37555021505812813
0.36418235838865803
0.3771026932179145
0.3806983739569168
0.36009987919443537
0.3550192483525934
0.3712865554400024
0.36557123953313847
0.34690346504601904
0.3537398597395473
0.3689333110000247
0.36013393884574063
0.34191342315012124
0.3507894154038557
0.36458320060515276
0.3485763643374187
0.33638816086569273
0.35314196524845404
0.35852128755837126
0.33896227409875473
0.3386979594663003
0.35961993773465006
0.35251760227187817
0.3373721627323919
0.35052403058947995
0.37356780538643836
0.36941526162183513
0.38976732985053447
0.4030571071175923
0.4254166140502466
0.4392783638938707
0.451578191951199
0.4276358391503307
0.41564437920834496
0.4360748989571202
0.4352623712870388
0.40849876647155114
0.4154146585464535
0.4367114982256576
0.4210551678829018
0.40464902746278736
0.4268382574381449
0.4343056949441606
0.4091633445028707
0.4086958392000563
0.4338175055263724
0.42665438652379467
0.40890158216690536
0.42653436902946723
0.44410263978435616
0.42695992165472757
0.4250556895196351
0.45158306259242126
0.4543566566421501
0.43557377160843963
0.44799538684146756
0.46803269289934835
0.4585826055212185
0.4381808447738709
0.4160864414184708
0.3992308297428296
0.38946529824082415
0.3700890009763063
0.37677503346005947
0.3838826462645879
0.36550008329048367
0.35634532269972147
0.3715086181224329
0.37405022516705094
0.3540745011238472
0.35448642494967847
0.37083792079476513
0.364780709915805
0.3477769285749181
0.360592242523275
0.3665975515162742
0.34695545100653213
0.3551906568966579
0.3764341537207194
0.3876778499101393
0.4017221336294047
0.4090394014083743
0.4060752818568111
0.4332703408074128
0.43349028459227157
0.41704339603639484
0.43142601059674685
0.4561076412829807
0.44968052965534594
0.44309103672417827
0.4658148456592683
0.48076742956033297
0.46472605268422745
0.45797820223560964
0.46867008418546974
0.4519016933679607
0.42934509446465235
0.42599570590522046
